Size |   Alg 1   |   Alg 2  |   Alg 3
100   0.00102189  0.00010997   5.604e-05
200   0.00473736  0.00014234   9.53e-06
300   0.01219995  0.00016656   9.54e-06
400   0.02536884  0.00015909   1.073e-05
500   0.04735286  0.00024436   1.256e-05
600   0.07900085   0.000338    1.403e-05
700   0.12070532  0.00044961   1.605e-05
800   0.17492599  0.00055199   1.715e-05
900   0.24514536  0.00071377   1.83e-05
1000       0      0.00086032   7.47e-06
2000       0      0.00502199   9.76e-06
3000       0      0.01094005   1.236e-05
4000       0      0.01944674   1.469e-05
5000       0      0.03060473   2.01e-05
6000       0      0.04451538   1.946e-05
7000       0      0.05994305   1.331e-05
8000       0      0.07815795   1.563e-05
9000       0      0.09853255   1.629e-05
